500 205
21 21
15 13
11 6
14 11
24 4
21 20
24 6
1 22
21 18
3 20
13 9
21 15
1 16
8 3
12 24
9 14
4 10
18 6
13 18
15 12
5 12
22 22
3 16
15 9
3 3
11 5
2 8
2 21
20 24
14 24
24 18
4 12
12 2
9 10
6 13
14 14
1 18
5 16
9 18
7 22
0 11
2 7
15 4
7 21
24 12
24 5
4 19
7 23
23 11
19 23
3 5
10 11
4 5
20 4
8 21
21 13
15 7
3 0
9 12
13 16
7 3
22 16
24 9
17 5
24 24
2 22
17 12
13 5
1 6
3 8
9 6
13 0
19 22
14 6
22 10
19 18
18 8
21 2
8 0
8 10
10 24
15 16
14 12
18 0
12 5
6 6
20 23
8 1
14 13
23 20
11 4
6 17
16 4
19 13
2 4
9 7
2 14
3 10
2 3
21 0
4 8
9 1
5 21
10 9
2 17
9 15
17 13
17 2
15 0
18 23
5 7
24 3
22 11
6 1
19 0
24 23
11 0
1 7
6 21
12 9
12 15
24 11
17 4
14 10
7 14
6 16
22 8
19 11
10 23
17 11
6 19
20 11
6 24
13 4
7 18
24 17
21 1
7 17
12 13
7 8
18 12
15 22
1 21
23 19
22 7
20 16
6 9
11 9
14 1
8 4
9 2
7 6
22 6
19 21
24 1
2 1
2 19
23 14
1 1
4 4
9 19
13 20
16 23
0 6
11 23
6 2
13 17
17 18
19 15
23 9
7 2
22 4
21 19
23 12
3 21
24 15
23 5
17 20
5 4
23 10
6 10
18 1
1 5
12 6
18 18
2 10
3 18
21 3
8 8
12 1
10 1
23 7
19 16
19 3
22 3
8 7
1 15
23 0
21 5
23 23
13 15
0 5
18 2
11 16
13 3
10 13
1 20
16 1
10 21
9 8
8 14
13 11
1 0
8 15
10 7
16 24
15 19
2 2
20 21
19 6
19 20
4 2
12 18
11 14
14 8
12 21
9 24
15 6
15 2
11 13
18 9
14 4
2 0
15 8
16 14
0 18
14 21
17 7
18 4
16 8
7 5
2 24
4 21
16 15
19 12
19 14
20 22
6 8
14 17
10 22
4 6
5 3
10 17
8 22
16 18
15 11
3 23
5 10
18 21
15 3
2 20
21 6
0 2
21 4
14 3
17 16
6 5
18 22
21 23
2 16
2 9
9 9
22 2
8 20
10 12
11 15
6 7
18 24
17 17
4 24
7 9
2 23
17 3
24 8
18 17
12 20
3 14
1 11
6 14
16 3
14 15
5 22
19 2
18 13
7 0
9 4
13 12
16 21
14 16
24 19
22 19
16 2
6 22
21 8
8 16
6 20
17 1
1 3
0 14
4 9
14 19
20 20
8 24
23 3
20 19
21 17
16 20
12 4
7 1
17 24
1 13
11 24
6 15
11 3
15 10
17 14
23 22
17 6
21 22
5 0
10 2
4 0
8 19
17 9
20 15
12 3
8 17
19 7
13 7
12 14
11 12
8 6
13 24
24 14
13 23
12 0
23 13
9 20
11 21
0 10
15 24
7 19
4 14
1 19
19 9
1 10
7 13
5 20
7 16
1 2
11 18
19 8
3 19
0 22
10 10
17 19
14 23
7 20
16 0
20 6
15 20
3 11
21 9
9 16
23 8
23 24
4 20
24 20
13 19
7 12
12 8
17 10
17 0
16 11
12 11
18 20
22 23
21 12
11 1
14 9
11 20
18 19
11 10
21 10
24 10
2 6
10 0
11 8
13 6
14 22
2 15
22 14
12 22
10 15
10 6
3 1
14 7
20 13
1 17
21 24
12 16
5 13
20 17
2 18
4 15
6 0
3 15
9 11
24 22
20 10
9 3
3 17
15 5
3 4
18 7
0 24
0 20
17 8
14 20
20 1
6 18
14 5
15 21
12 19
22 12
23 17
8 9
0 16
10 5
20 0
11 22
15 1
3 7
1 8
4 3
9 21
15 17
5 9
19 10
6 4
9 5
23 6
5 15
2 13
23 2
0 4
0 13
12 17
1 14
3 2
10 18
20 7
22 0
4 16
24 7
13 2
5 2
12 12
16 19
8 11
22 15
18 5
3 12
19 1
5 18
6 12
23 16
9 13
5 17
20 9
13 13
18 16
18 10
8 23
21 16
14 2
6 23
7 24
7 7
11 19
12 10
12 23
10 3
23 18
7 15
3 6
9 22
18 14
13 10
5 5
